scale = 10
redLine = [(726.3668647907825, 363.18343239539126), (694.9680073512495, 510.9034425086395), (606.2005827336109, 633.0813208791453), (475.413285080992, 708.5914023854684), (325.2204263228293, 724.3773079476109), (181.59171619769572, 677.7095110834284), (69.36186351209494, 576.6572978343627), (7.936429371570966, 438.6935139017144), (7.936429371570966, 287.67335088906816), (69.36186351209489, 149.70956695641988), (181.59171619769546, 48.65735370735422), (325.22042632282904, 1.9895568431716129), (475.4132850809919, 17.775462405313988), (606.2005827336109, 93.28554391163732), (694.9680073512495, 215.463422282143), (726.3668647907825, 363.18343239539126)]
Impp_module = 8.001
Vmpp_module = 26.04
module_length = 1.629
module_width = 1.033
num_module_in_string= 26
num_string_in_CBox= 7
num_Cbox_in_inverter= 26
nCluster_inv= 20
unit_p_trasn_to_inverter = 221.355
unit_p_inverter_to_Cbox = 38.385
unit_p_Cbox_to_brk = 7.659
num_lines_trasn_to_inverter = 1
num_lines_inverter_to_Cbox = 4
num_lines_Cbox_to_brk = 2
corss_sec_trans_to_inverter = 97.468
corss_sec_inverter_to_Cbox = 70.614
corss_sec_Cbox_to_brk = 4.164
core_num_trasn_to_inverter = 4
core_num_inverter_to_Cbox = 2
core_num_Cbox_to_brk = 1
rho_Cu = 1.7e-8
Uac_inverter = 270
P_inverter = 1000
Uac_cage_inverter = 10000
