scale = 10
redLine = [(352.4866066791096, 748.4097441839909), (337.24957254533217, 1052.8154111786057), (294.1730917698393, 1304.586572911184), (230.70547921625618, 1460.1897082489645), (157.8208616802563, 1492.7196214819382), (88.12165166977745, 1396.5515950871402), (33.65947579307607, 1188.3139544873234), (3.8513390325689443, 904.0128795217712), (3.8513390325689443, 592.8066088462108), (33.65947579307604, 308.5055338806586), (88.12165166977732, 100.26789328084192), (157.82086168025612, 4.099866886043742), (230.70547921625615, 36.62978011901737), (294.17309176983935, 192.23291545679785), (337.24957254533217, 444.0040771893761), (352.4866066791096, 748.4097441839909)]
Impp_module = 8.249
Vmpp_module = 31.347
module_length = 1.191
module_width = 1.037
num_module_in_string= 16
num_string_in_CBox= 23
num_Cbox_in_inverter= 11
nCluster_inv= 20
unit_p_trasn_to_inverter = 238.575
unit_p_inverter_to_Cbox = 34.806
unit_p_Cbox_to_brk = 7.529
num_lines_trasn_to_inverter = 1
num_lines_inverter_to_Cbox = 4
num_lines_Cbox_to_brk = 2
corss_sec_trans_to_inverter = 110.624
corss_sec_inverter_to_Cbox = 63.867
corss_sec_Cbox_to_brk = 4.396
core_num_trasn_to_inverter = 4
core_num_inverter_to_Cbox = 2
core_num_Cbox_to_brk = 1
rho_Cu = 1.7e-8
Uac_inverter = 270
P_inverter = 1000
Uac_cage_inverter = 10000
