scale = 10
redLine = [(542.1811995359811, 271.09059976799057), (518.7441857956467, 381.3530802870283), (452.48561716893266, 472.550176221136), (354.86220211159684, 528.9130811836994), (242.75391596793605, 540.6961368657746), (135.54529988399534, 505.8619458942303), (51.77369754038904, 430.4336563467368), (5.923980023442198, 327.45350473055396), (5.923980023442198, 214.72769480542723), (51.77369754038901, 111.7475431892444), (135.54529988399517, 36.31925364175092), (242.75391596793582, 1.4850626702066165), (354.8622021115968, 13.268118352281647), (452.4856171689327, 69.63102331484515), (518.7441857956467, 160.82811924895282), (542.1811995359811, 271.09059976799057)]
Impp_module = 5.517
Vmpp_module = 40.9
module_length = 1.378
module_width = 0.839
num_module_in_string= 14
num_string_in_CBox= 8
num_Cbox_in_inverter= 20
nCluster_inv= 20
unit_p_trasn_to_inverter = 318.444
unit_p_inverter_to_Cbox = 36.880
unit_p_Cbox_to_brk = 9.056
num_lines_trasn_to_inverter = 1
num_lines_inverter_to_Cbox = 4
num_lines_Cbox_to_brk = 2
corss_sec_trans_to_inverter = 94.485
corss_sec_inverter_to_Cbox = 79.410
corss_sec_Cbox_to_brk = 2.352
core_num_trasn_to_inverter = 4
core_num_inverter_to_Cbox = 2
core_num_Cbox_to_brk = 1
rho_Cu = 2.82e-8
Uac_inverter = 270
P_inverter = 500
Uac_cage_inverter = 10000
