scale = 10
redLine = [(253.00774475965858, 580.9317288083797), (242.0709103666216, 817.2179500401212), (211.15148521208806, 1012.6481370279639), (165.59571879943607, 1133.4306350141983), (113.2806170025584, 1158.6810528224573), (63.25193618991467, 1084.0333638208488), (24.160089770307877, 922.3948315907159), (2.7644131279637207, 701.714226794614), (2.7644131279637207, 460.1492308221456), (24.160089770307863, 239.46862602604375), (63.25193618991459, 77.83009379591078), (113.28061700255829, 3.182404794302215), (165.59571879943604, 28.432822602561146), (211.15148521208812, 149.21532058879558), (242.07091036662163, 344.64550757663824), (253.00774475965858, 580.9317288083797)]
Impp_module = 6.038
Vmpp_module = 40.67
module_length = 1.568
module_width = 0.772
num_module_in_string= 26
num_string_in_CBox= 16
num_Cbox_in_inverter= 10
nCluster_inv= 10
unit_p_trasn_to_inverter = 320.182
unit_p_inverter_to_Cbox = 37.885
unit_p_Cbox_to_brk = 10.048
num_lines_trasn_to_inverter = 1
num_lines_inverter_to_Cbox = 4
num_lines_Cbox_to_brk = 2
corss_sec_trans_to_inverter = 93.672
corss_sec_inverter_to_Cbox = 72.115
corss_sec_Cbox_to_brk = 2.617
core_num_trasn_to_inverter = 4
core_num_inverter_to_Cbox = 2
core_num_Cbox_to_brk = 1
rho_Cu = 2.82e-8
Uac_inverter = 270
P_inverter = 1000
Uac_cage_inverter = 10000
