scale = 10
redLine = [(193.03200583497684, 96.51600291748842), (184.68775897257999, 135.7725979472418), (161.09781447300077, 168.24137106138102), (126.34108804813435, 188.30817641892781), (86.427333451787, 192.50328107235882), (48.25800145874423, 180.1013133157664), (18.432916328098287, 153.24668604260543), (2.1091062313301308, 116.58280827503523), (2.1091062313301308, 76.44919755994164), (18.432916328098273, 39.785319792371425), (48.25800145874417, 12.930692519210467), (86.42733345178692, 0.5287247626180402), (126.34108804813434, 4.723829416049), (161.0978144730008, 24.79063477359584), (184.68775897258, 57.259407887735044), (193.03200583497684, 96.51600291748842)]
Impp_module = 8.201
Vmpp_module = 26.58
module_length = 1.632
module_width = 1.022
num_module_in_string= 26
num_string_in_CBox= 7
num_Cbox_in_inverter= 25
nCluster_inv= 1
unit_p_trasn_to_inverter = 329.805
unit_p_inverter_to_Cbox = 38.385
unit_p_Cbox_to_brk = 9.579
num_lines_trasn_to_inverter = 1
num_lines_inverter_to_Cbox = 4
num_lines_Cbox_to_brk = 2
corss_sec_trans_to_inverter = 97.468
corss_sec_inverter_to_Cbox = 70.614
corss_sec_Cbox_to_brk = 2.664
core_num_trasn_to_inverter = 4
core_num_inverter_to_Cbox = 2
core_num_Cbox_to_brk = 1
rho_Cu = 1.7e-8
Uac_inverter = 270
P_inverter = 1000
Uac_cage_inverter = 10000
