scale = 10
redLine = [(93.67332131378429, 198.88990138322035), (89.62407925114388, 279.7857122135083), (78.17650380206246, 346.69390243586975), (61.30998475964431, 388.0454381190325), (41.94089649383865, 396.6902630764696), (23.418330328446082, 371.1336085372709), (8.945006225693916, 315.79445224618166), (1.0234934089696637, 240.2414370663831), (1.0234934089696637, 157.53836570005765), (8.94500622569391, 81.98535052025909), (23.41833032844605, 26.646194229169794), (41.94089649383861, 1.089539689971076), (61.309984759644294, 9.734364647408142), (78.17650380206247, 51.08590033057095), (89.62407925114388, 117.99409055293236), (93.67332131378429, 198.88990138322035)]
Impp_module = 8.449
Vmpp_module = 31.887
module_length = 1.194
module_width = 1.026
num_module_in_string= 16
num_string_in_CBox= 23
num_Cbox_in_inverter= 10
nCluster_inv= 1
unit_p_trasn_to_inverter = 347.025
unit_p_inverter_to_Cbox = 34.806
unit_p_Cbox_to_brk = 9.449
num_lines_trasn_to_inverter = 1
num_lines_inverter_to_Cbox = 4
num_lines_Cbox_to_brk = 2
corss_sec_trans_to_inverter = 110.624
corss_sec_inverter_to_Cbox = 63.867
corss_sec_Cbox_to_brk = 2.896
core_num_trasn_to_inverter = 4
core_num_inverter_to_Cbox = 2
core_num_Cbox_to_brk = 1
rho_Cu = 1.7e-8
Uac_inverter = 270
P_inverter = 1000
Uac_cage_inverter = 10000
